$ANSIBLE_VAULT;1.1;AES256
31336235646435323231366234303839633239323337373831316166666135623033336637323431
6539623933386239373863643434316238386561303565350a353566656361663132613534633436
65633330653638383839383361383262336637383866353566393564353162626461633935363237
6237623833663032610a653961623162393237363638303865323134656463303061323834393932
32396634323632303139306534303230663636336632303033343731393265636464316231386165
35383434626165666339366630376333646439623831653733663837626261376661313363626632
66653934313035326263633635353931363065666465316565393531303732616539363765373139
37613031303536363330383963336336613131393732633963333238376435303666626438393134
30386433353933613633383935376365633738656162346630656166343265376535383661303931
31663164346230656266346134613135666132623036653930333563663734313636326138373235
35653364663361656563303030656231356637643561633136613439353163323763386562383731
62366332633062376331333862356466383336343632396432623837343231323036383635313464
3530
