$ANSIBLE_VAULT;1.1;AES256
37323539323730313363663335656665356131656135373035383231623966343138646239613133
3133343037306236636332633435633236386237643463350a336361306430373561663164626334
32383530343631613366373261373662333664366366303662616163373732376639363962656537
3564393836356239350a366266336362363665323465306633373431313632306266323230313861
38643166656530623637646438343939626462626536643564303433303965646639303733323732
38366165343166363666323137363734303864613634643736363234333563663963613831616266
37636161313466363963343466653938633131626538343239613566623632663061613031376432
31343533386366623138336632353236303364343562326465653831333535643033303432363633
63376338376465326432303335373434376163396161663333373464323931626361383031656638
30653236383464313932373439623438363862333639633265626466373130663634393766376530
39393631383863356436353864396433376638653665396432346637643333643330303634373534
64326534313137396630363537343336623233326266336432353561626562653261656665396438
39346535326338616536393338393762376262303037623161373531336433323936
