$ANSIBLE_VAULT;1.1;AES256
63383663383136376562613965623035383762353961393031366665343534653661626531383634
3363643762613931333538336337316264383639643639660a666537393061613564616339383634
39613036623562643237313465383639633461636664623265626530326664393464313766396361
6439353561343664620a323739333361393034376433313763393732643834376236663434633234
37326633336165376132653632383739373664353739333530376131303139373862396337333337
36356635303032333766626639383332383064633332346634316464663463643838666532343437
32663331653334306439656664636431663736623632396530393332353932663039333837633634
61373830353032383834323633313465346530326534373365346664316538356566623930373264
62333130316566616437326164656137373264353732656264623362303836666133373639633363
61383065383337306563363561636566653037323633633831666465383465656332376638316166
36633535626132636336313332346365616330643638323765353866313635666663646332313032
32646539313266346438383862336664643431343431653732616666386637373538356132323766
63613362623336663632363466376232303934363165636230666364366462383165
