$ANSIBLE_VAULT;1.1;AES256
31666234326664386531666166383166663539306433396536663038623736383539303464396664
6633376232383631636361623365613865303730346137660a653262396165626236376562633033
38333765306262353736343730643332653034366231376433316338323364306161333633306634
3465363533336238370a333530386566626561323865633536313032303638666663636235633962
35373039666433323234646338666466303261666534373766333239306238616438393435333036
65363230376436383861376538666634333433653866383661653831343237313430326434623335
37613236353938643234653436643463306132646365373232376138333736633464326536333939
64616132343435623033386630623031343931373538386433653062383436623338336134356134
37336231653831313734666566393966316433313266396639656238373763333537366139333861
65356131356433326364613131356135306466343235326262613137646437323032303139633336
31353437333735636237353530623232663839346539343535373963323637366461303962373066
63313238386238616234313365646632613661643337656436356630666637393461663562313061
63646539613433393764373633643235323237383362656130336639333634643463
